8.199999999999999289e+00
1.500000000000000000e+00
2.799999999999999822e+00
4.299999999999999822e+00
1.269999999999999929e+01
2.200000000000000178e+00
2.000000000000000000e+00
6.099999999999999645e+00
7.000000000000000000e+00
1.499999999999999944e-01
7.700000000000000178e-01
4.000000000000000000e+00
2.399999999999999911e+00
6.700000000000000178e+00
7.500000000000000000e+00
1.899999999999999911e+00
9.500000000000000111e-02
6.000000000000000000e+00
6.299999999999999822e+00
9.099999999999999645e+00
2.799999999999999822e+00
9.799999999999999822e-01
2.399999999999999911e+00
1.499999999999999944e-01
2.000000000000000000e+00
7.399999999999999634e-02
